AAPL 189.52 1267000 81
MSFT 312.14 1772000 82
TSLA 247.33 1598000 79
GOOG 144.85 1301000 78
AMZN 191.05 1485000 83
NVDA 406.71 1670000 88
AAPL 188.41 1258000 80
MSFT 311.40 1767000 83
TSLA 246.18 1592000 80
GOOG 145.22 1304000 77
AMZN 191.70 1488000 82
NVDA 407.22 1673000 87
AAPL 187.95 1254000 81
MSFT 310.85 1765000 84
TSLA 245.60 1588000 82
GOOG 145.66 1306000 78
AMZN 192.14 1490000 84
NVDA 407.80 1676000 89
AAPL 188.75 1259000 79
MSFT 311.90 1770000 81
TSLA 246.44 1593000 83
GOOG 144.90 1300000 77
AMZN 190.90 1483000 82
NVDA 406.55 1668000 86
AAPL 189.40 1263000 80
MSFT 312.30 1774000 83
TSLA 247.02 1596000 81
GOOG 145.12 1302000 78
AMZN 191.60 1487000 83
NVDA 407.10 1671000 88
AAPL 190.05 1268000 82
MSFT 313.10 1778000 82
TSLA 247.60 1600000 80
GOOG 145.50 1305000 79
AMZN 192.25 1490000 84
NVDA 407.70 1674000 87
AAPL 189.75 1265000 81
MSFT 312.70 1775000 83
TSLA 247.28 1599000 79
GOOG 145.32 1303000 78
AMZN 191.95 1489000 83
NVDA 407.45 1672000 88
AAPL 188.92 1259000 80
MSFT 311.95 1769000 82
TSLA 246.55 1594000 80
GOOG 144.75 1299000 77
AMZN 191.20 1484000 82
NVDA 406.90 1669000 87
AAPL 187.88 1253000 79
MSFT 310.75 1763000 84
TSLA 245.44 1588000 82
GOOG 144.55 1297000 78
AMZN 190.65 1480000 81
NVDA 406.40 1666000 86
AAPL 188.25 1256000 80
MSFT 311.20 1766000 82
TSLA 246.00 1590000 81
GOOG 145.00 1299000 79
AMZN 191.00 1482000 82
NVDA 406.75 1668000 87
AAPL 189.05 1260000 81
MSFT 312.00 1770000 83
TSLA 246.70 1594000 80
GOOG 145.40 1301000 78
AMZN 191.50 1485000 83
NVDA 407.20 1670000 88
AAPL 189.55 1263000 82
MSFT 312.45 1772000 84
TSLA 247.10 1597000 81
GOOG 145.85 1303000 79
AMZN 191.90 1487000 84
NVDA 407.65 1673000 87
AAPL 190.10 1266000 81
MSFT 313.00 1774000 83
TSLA 247.60 1600000 82
GOOG 146.20 1305000 78
AMZN 192.40 1489000 83
NVDA 408.10 1675000 88
AAPL 190.55 1269000 80
MSFT 313.45 1777000 82
TSLA 247.95 1602000 81
GOOG 146.50 1307000 77
AMZN 192.80 1491000 84
NVDA 408.55 1677000 89
AAPL 191.00 1272000 82
MSFT 313.85 1779000 83
TSLA 248.25 1604000 80
GOOG 146.80 1309000 78
AMZN 193.20 1493000 83
NVDA 409.00 1679000 88
AAPL 191.45 1275000 81
MSFT 314.25 1781000 82
TSLA 248.55 1606000 81
GOOG 147.10 1311000 77
AMZN 193.60 1495000 84
NVDA 409.40 1681000 87
AAPL 191.90 1278000 80
MSFT 314.70 1783000 83
TSLA 248.85 1608000 80
GOOG 147.40 1313000 78
AMZN 194.00 1497000 83
NVDA 409.80 1683000 88
